DOG Núm. 178 Venres, 18 de setembro de 2026 Páx. 49577
VI. ANUNCIOS
A) ADMINISTRACIÓN AUTONÓMICA
CONSELLERÍA DO MEDIO RURAL
ANUNCIO do 31 de agosto de 2026, do Xurado Provincial de Clasificación de
Montes Veciñais en Man Común de Lugo, polo que se comunica a iniciación dun
expediente para a ampliación do monte Pico do Moroto, no concello da Pobra do
Brollón (expediente 3/2026).
Ante o Xurado Provincial de Clasificación de Montes Veciñais en Man Común tramítase
o expediente de clasificación do monte coas seguintes características:
– Expediente: 3/2026.
– Denominación: Pico do Moroto.
– Comunidade propietaria: veciños/as da parroquia de Canedo.
– Concello: A Pobra do Brollón.
– Superficie de ampliación: 0,58 hectáreas.
Na seguinte táboa indícanse as referencias catastrais das parcela obxecto de clasifica-
ción, así como das estremeiras. O plano que figura no anexo, ao final deste anuncio, facilita
a súa localización.
Parcela obxecto de clasificación Estrema Referencia catastral
27047A10100086
27047A10100087
Norte
27047A10100088
27047A10100089
27047A00200001 27047A10100098
27047A10100099
Leste 27047A10109008
27047A00209003
27047A00200002
ISSN1130-9229 Depósito legal C.494-1998 https://www.xunta.gal/diario-oficial-galicia
74vw0h40jr4t-6opm-1ny9-1jd9-1zpuwojy
:GOD-EVC

DOG Núm. 178 Venres, 18 de setembro de 2026 Páx. 49578
Parcela obxecto de clasificación Estrema Referencia catastral
27047A00200011
Sur 27047A00200010
27047A00200009
Oeste 27047A00209005
En virtude do acordado polo Xurado na sesión do 12.6.2026 e en cumprimento da orde
do instrutor, conforme o disposto na Lei 13/1989, do 10 de outubro, de montes veciñais en
man común, mediante este anuncio faise pública a iniciación do expediente para a posible
clasificación do monte indicado.
Ábrese un período dun mes, contado desde o día seguinte ao da súa publicación no
Diario Oficial de Galicia, para que os interesados poidan intervir no expediente e formular
as alegacións que coiden oportunas, así como achegar os documentos ou informacións
que xulguen convenientes, de conformidade co disposto no artigo 23 do Decreto 260/1992,
do 4 de setembro, polo que se aproba o Regulamento para a execución da Lei 13/1989,
do 10 de outubro, de montes veciñais en man común.
Lugo, 31 de agosto de 2026
Mª Olga Iglesias Fontal
Presidenta do Xurado Provincial de Clasificación
de Montes Veciñais en Man Común de Lugo
ISSN1130-9229 Depósito legal C.494-1998 https://www.xunta.gal/diario-oficial-galicia
74vw0h40jr4t-6opm-1ny9-1jd9-1zpuwojy
:GOD-EVC

DOG Núm. 178 Venres, 18 de setembro de 2026 Páx. 49579
630500 631000 631500 632000
0 0 0 0 0 0 0 0 0 0 0 0 0 0 0 0 0 0 0 0 0 0 0 0 0 0 0 0 0 0 0 0 0 0 0 0 0 0 0 0 0 0 0 0 0 0 0 0 0 0 0 0 00 0 0 0 0 0 0 0 0 0 0 0 0 0 0 0 0 0 0 0 9 0 0 0 0 0 0 0 0 0 0 0 0 0 0 0 0 0 0 0 0 0 0 0 0 0 0 4 0 00 0 0 5 5 0 0 9 0 0 0 0 0 0 0 0 0 0 0 9 0 0 0 0 0 0 90 0 0 0 0 0 0 0 0 0 0 0 1 2 1 1 9 1 1 0 0 1 0 0 2 1 1 2 2 0 0 0 0 0 0 1 1 0 0 0 0 1 1 1 0 0 9 0 0 1 0 0 0 1 4 3 0 0 0 09 0 0 1 0 1 8 5 0 5 0 0 1 1 2 2 0 0 0 0 0 4 0 0 0 0 1 1 1 01 0 2 1 0 1 0 0 2 0 0 0 1 1 0 9 4 5 9 4 0 0 4 0 8 0 1 4 5 4 6 1 00 6 0 7 0 0 0 5 7 7 1 0 4 5 1 1 0 0 0 5 2 4 0 0 0 0 0 7 2 0 0 0 70 7 3 3 0 0 0 1 0 7 0 2 2 1 1 4 2 1 1 0 1 0 0 1 0 6 0 1 5 5 2 0 5 1 4 1 4 2 0 1 1 0 3 0 3 9 9 3 1 1 6 2 0 4 4 7 8 8 3 6 6 9 2 0 2 0 96 9 6 0 9 0 2 0 4 0 8 6 0 1 9 0 5 4 0 0 1 6 9 0 9 4 9 0 0 0 0 0 0 7 1 02 2 1 0 0 2 9 1 8 9 4 99 5 5 8 9 6 0 3 0 4 0 7 3 0 3 1 1 0 3 4 7 7 2 4 0 0 8 0 4 1 0 0 0 0 0 5 8 0 0 0 3 0 6 0 0 0 8 0 0 1 8 0 0 0 0 7 4 0 0 0 0 0 0 3 0 0 0 0 0 6 3 0 0 0 0 0 0 0 1 9 4 3 0 0 1 0 0 5 8 0 00 0 0 1 4 7 8 0 9 3 0 3 0 0 0 5 0 0 1 0 0 3 3 0 0 0 0 0 1 0 0 0 0 0 9 0 0 0 7 8 0 0 9 1 9 1 0 0 0 0 0 2 3 0 1 0 6 2 9 0 0 0 0 1 0 0 9 4 5 4 0 0 0 5 0 0 0 0 0 00 0 0 5 0 9 0 0 0 0 0 1 0 0 0 0 9 3 0 4 0 0 1 0 0 0 7 0 2 0 1 8 0 0 0 1 0 8 0 1 0 0 9 1 0 2 0 0 4 01 2 4 9 0 1 1 00 3 0 0 0 0 1 0 0 6 1 0 0 0 4 3 0 0 0 0 0 0 0 0 1 1 0 8 0 0 0 9 0 5 4 2 0 0 0 7 1 0 8 2 6 3 0 0 2 1 0 5 6 0 0 6 0 0 0 0 7 1 4 4 0 0 6 2 08 3 7 0 0 5 2 13 7 0 1 0 0 0 2 0 0 9 2 0 0 0 1 0 0 6 0 0 0 1 6 1 1 0 0 9 2 2 0 0 1 6 0 5 2 9 1 3 4 0 0 2 3 3 7 0 1 5 0 0 0 1 0 5 2 7 0 5 0 1 4 0 0 0 2 4 0 0 0 2 00 3 5 9 5 0 0 0 0 1 0 0 0 7 1 1 1 1 3 3 0 0 0 1 8 0 4 3 2 3 4 1 3 0 1 0 3 0 0 0 5 0 3 3 0 5 8 0 0 7 0 1 0 0 0 8 0 0 0 0 3 1 0 0 2 9 0 0 0 0 2 00 8 0 0 4 1 0 9 2 3 0 0 0 4 6 9 6 8 0 2 0 5 0 0 3 9 1 0 6 8 8 8 0 0 0 6 1 0 4 0 0 0 0 4 0 1 0 0 0 9 2 6 2 2 0 0 0 0 0 0 2 0 2 0 0 1 2 3 11 0 0 5 0 1 0 0 6 0 0 1 1 0 2 0 1 0 0 9 0 8 1 4 4 0 5 5 7 0 0 0 0 0 0 0 7 2 0 0 1 0 2 0 0 0 0 3 0 0 0 0 1 1 0 1 8 0 00 0 1 2 0 0 0 4 2 1 1 44 5 0 0 1 0 0 4 0 0 9 2 0 0 0 0 0 0 0 0 0 4 9 0 0 1 0 0 0 0 0 0 0 8 6 7 0 0 3 01 0 0 1 3 6 0 6 6 0 0 3 5 0 0 0 3 0 00 8 1 4 6 4 0 6 1 1 56 6 1 5 4 4 2 0 0 0 0 1 0 2 0 1 0 0 9 1 0 0 0 6 0 0 0 0 8 7 0 0 0 1 9 0 1 0 4 1 3 0 0 6 2 0 9 6 0 0 0 3 0 6 0 0 2 0 0 0 6 11 9 8 5 0 0 3 4 2 4 6 0 5 0 0 6 1 7 0 1 1 2 0 0 0 1 0 2 0 0 4 0 1 0 2 0 0 0 2 0 03 8 0 4 7 0 81 2 1 0 0 8 0 0 0 2 00 0 2 0 0 9 0 36 0 0 5 4 0 0 0 3 0 7 8 2 7 0 0 0 0 7 0 0 0 6 4 1 8 0 4 7 0 0 0 0 6 1 0 3 0 0 4 0 4 47 2 9 9 0 2 4 0 2 0 0 0 9 0 1 0 9 0 00 0 3 3 4 4 0 12 4 0 0 2 0 0 0 9 2 9 0 0 0 0 0 1 6 0 3 0 0 7 7 1 0 0 0 4 0 1 0 1 0 1 0 0 8 5 1 3 0 0 0 5 0 0 0 0 0 3 0 1 0 0 9 0 4 0 1 4 1 7 4 1 1 0 0 0 00 0 9 2 0 0 9 3 4 3 2 0 0 2 1 0 0 4 0 4 0 0 5 9 0 0 0 6 0 0 8 0 2 0 3 0 8 1 0 0 0 0 2 0 1 9 4 7 0 0 0 6 0 0 7 00 7 4 1 2 0 0 0 00 0 1 0 1 0 0 0 0 0 0 1 2 6 2 2 9 0 0 5 1 0 0 0 7 0 4 9 2 5 0 0 0 9 2 9 6 9 6 0 8 3 0 0 0 1 0 2 0 0 0 1 7 0 2 0 1 3 0 0 6 00 0 6 9 0 2 1 2 00 0 5 0 0 0 0 0 0 0 0 1 0 0 2 7 0 0 7 4 7 1 0 2 0 2 0 0 0 0 0 0 2 0 0 0 2 0 8 1 3 0 0 1 0 0 9 4 0 0 5 0 0 0 3 0 0 1 8 1 2 0 30 0 0 0 2 0 0 0 7 67 0 0 1 0 0 0 9 1 0 5 1 0 3 9 4 1 0 8 1 0 6 0 6 0 0 3 1 0 0 1 0 0 0 3 0 6 0 02 0 4 0 0 0 5 0 0 00 0 0 2 0 0 0 1 9 3 3 2 30 0 0 0 0 5 6 2 0 61 5 0 8 8 2 0 0 0 2 3 7 0 0 0 0 0 0 0 8 0 0 0 0 9 5 2 0 4 4 8 0 0 0 0 0 4 0 0 1 2 5 2 4 00 1 0 9 1 0 0 3 0 53 0 7 0 0 1 0 1 2 1 1 0 0 00 1 1 0 9 6 0 0 4 9 4 0 0 2 0 7 2 0 0 1 9 8 1 6 0 1 6 1 1 0 1 8 0 2 8 3 2 9 2 0 0 0 2 0 0 20 0 0 1 0 0 0 0 0 2 9 0 0 8 1 7 0 0 2 0 6 4 0 0 00 8 2 0 6 0 0 1 4 0 0 2 0 5 0 0 7 5 0 4 1 0 0 0 5 6 0 0 7 0 0 0 1 6 7 0 2 9 0 0 02 0 3 0 0 8 0 0 4 0 0 0 0 0 7 7 1 0 8 0 7 2 4 00 1 0 0 0 0 0 1 5 0 5 0 9 0 9 0 6 0 0 0 0 9 0 0 0 2 3 7 9 0 0 0 0 2 0 08 0 5 1 1 6 0 0 0 1 2 0 1 2 0 6 3 0 1 9 2 77 0 0 0 0 1 0 0 0 7 0 0 0 1 2 9 0 0 0 3 0 0 0 1 0 0 0 5 9 0 7 0 0 0 0 0 0 0 0 0 1 8 0 8 4 8 7 5 5 1 0 4 7 0 0 0 1 6 0 0 2 23 0 0 0 8 0 8 0 8 0 2 1 0 0 0 2 4 0 0 0 2 0 5 8 0 1 2 8 0 0 5 0 1 4 0 0 0 0 0 2 8 0 0 0 7 0 9 0 0 8 1 0 8 4 8 9 0 0 0 0 6 1 1 0 1 0 0 0 2 4 0 0 2 0 0 9 1 0 1 7 0 0 0 0 0 0 0 0 0 1 0 0 1 3 3 2 1 3 2 0 0 0 0 0 0 0 0 0 0 2 0 2 0 4 0 5 8 0 1 0 0 4 1 0 0 0 0 1 0 7 4 7 0 2 1 0 6 0 0 0 0 0 3 0 0 0 0 7 0 2 2 0 7 0 1 8 0 1 9 4 0 5 0 0 1 0 0 1 0 5 0 0 0 1 1 0 0 0 7 0 0 1 7 0 6 4 2 3 0 0 0 0 0 0 7 0 1 8 6 8 0 8 0 1 3 0 0 0 1 0 6 0 0 9 1 0 4 3 0 1 9 0 4 0 1 9 4 1 1 0 0 2 1 2 0 3 0 8 0 0 0 6 0 0 8 0 0 7 0 1 0 3 0 0 0 2 9 0 4 9 0 5 7 0 0 0 0 0 0 1 9 9 0 0 2 1 1 5 0 4 0 0 1 5 6 0 0 0 6 6 9 1 2 0 0 1 1 0 1 0 8 00 2 0 9 1 0 0 0 0 0 0 0 1 06 1 9 7 3 0 9 0 0 0 9 0 1 0 8 6 0 4 8 0 1 0 3 0 6 6 0 6 8 0 6 0 5 0 3 4 6 1 2 0 0 3 2 00 8 0 0 2 0 0 0 0 0 0 0 8 6 0 7 8 0 2 9 0 2 0 0 5 4 0 0 0 9 0 4 7 0 0 0 0 8 0 0 0 0 0 0 0 0 9 3 0 3 7 33 5 0 3 2 0 2 1 8 0 0 1 7 0 3 0 0 0 0 0 5 9 0 0 3 0 1 9 5 2 0 0 0 0 0 0 2 0 0 0 0 0 9 00 1 0 2 0 9 0 2 0 0 11 0 0 3 6 0 0 6 9 4 0 2 0 0 8 2 0 0 0 0 2 0 6 0 2 0 9 1 0 0 1 0 4 1 0 0 1 2 2 0 0 0 00 1 0 0 2 0 0 0 0 0 9 0 0 3 0 2 0 0 2 8 0 0 2 2 2 1 0 0 0 0 0 0 0 2 1 1 5 00 0 0 7 0 0 0 5 1 9 0 2 1 8 4 0 0 2 7 7 9 0 9 01 0 0 6 2 0 0 0 0 0 0 0 0 0 0 0 4 0 0 0 0 5 0 0 1 0 0 0 0 0 0 0 4 0 0 0 0 0 1 1 0 9 0 9 0 0 0 0 0 9 0 0 0 7 6 6 2 0 4 2 2 0 0 4 0 4 2 60 0 1 2 0 0 0 4 0 0 9 1 2 0 0 0 7 0 0 4 0 0 5 9 0 0 0 0 0 0 0 0 0 7 1 9 0 0 0 2 0 0 3 9 8 4 0 4 1 0 0 0 0 0 2 2 3 0 0 2 5 5 0 0 0 3 95 0 9 0 3 0 2 9 9 0 8 1 1 0 0 0 0 2 0 0 4 7 09 0 0 4 0 0 1 1 3 0 0 0 9 0 0 0 2 3 7 4 0 2 2 0 71 0 11 0 1 0 0 5 9 0 0 0 7 0 0 2 0 0 0 0 0 0 6 0 2 4 5 0 8 0 9 7 0 9 6 0 4 0 0 0 4 00 2 7 1 0 0 0 0 0 4 2 3 4 0 0 0 0 6 7 0 5 0 9 0 0 0 0 98 9 9 9 8 0 0 0 0 2 0 3 6 0 0 0 1 0 0 0 0 8 0 0 4 2 0 0 0 6 7 4 5 8 0 2 8 0 0 0 0 0 2 1 4 4 1 0 3 0 5 0 8 0 9 2 0 0 6 0 3 0 0 0 0 9 00 0 0 0 1 2 0 0 0 1 0 3 2 2 0 0 0 1 0 0 0 0 0 1 0 6 7 0 4 0 9 7 0 1 0 3 0 0 0 3 7 0 0 0 2 0 0 6 4 3 0 1 0 0 1 3 0 0 3 0 00 0 0 1 0 5 8 0 0 0 0 0 0 4 7 2 0 0 4 0 0 0 0 0 3 0 0 9 1 3 0 0 7 40 0 5 1 0 4 0 4 0 0 1 3 5 7 1 0 0 5 1 1 0 0 8 0 0 0 0 0 3 6 0 9 0 0 01 2 2 0 4 0 6 5 4 8 0 0 3 0 6 2 0 0 3 0 0 0 0 0 0 4 8 2 0 0 0 0 0 0 0 7 0 1 0 0 5 0 2 9 0 0 0 3 0 0 0 1 0 3 0 0 8 0 0 2 0 80 1 0 6 0 2 0 1 4 5 1 1 1 0 0 1 5 0 5 3 2 2 4 3 0 0 0 3 0 0 0 3 8 0 3 4 0 7 3 0 4 0 0 1 0 4 7 3 0 0 3 0 8 0 0 22 9 0 9 5 3 0 0 8 9 8 2 0 3 7 3 6 9 0 8 6 2 00 5 6 4 9 0 4 4 2 7 0 0 0 0 2 8 0 0 8 3 5 0 0 2 0 0 0 1 0 2 0 0 1 0 4 0 0 2 8 0 0 0 0 9 7 0 1 0 2 0 0 8 9 0 2 0 0 1 6 0 5 9 0 2 4 0 0 3 0 0 4 0 2 0 8 9 0 0 5 4 0 0 9 8 4 0 6 9 0 0 0 6 0 8 0 0 0 9 0 0 7 0 2 0 0 0 0 0 0 0 0 1 0 00 1 0 2 3 0 0 1 3 6 0 0 9 0 0 0 0 1 3 1 0 0 0 3 0 2 9 4 0 0 0 0 2 3 0 1 0 7 9 0 0 0 0 0 0 0 2 0 5 3 0 9 7 00 0 9 0 0 0 5 6 0 3 2 0 0 0 0 0 2 0 2 8 0 7 0 5 4 0 0 8 2 2 00 9 5 0 3 1 0 0 0 2 0 0 0 9 0 0 0 0 9 00 0 4 0 5 8 6 0 5 0 0 4 0 3 0 1 0 80 5 0 2 0 1 5 0 5 0 0 0 0 00 0 5 6 0 8 0 1 0 5 4 9 0 0 0 0 0 44 0 5 0 4 0 0 0 2 0 2 0 0 2 1 2 0 30 5 0 0 3 0 0 2 0 0 3 0 12 0 0 9 0 2 0 4 8 7 0 0 0 0 0 0 6 8 1 67 4 6 0 0 0 0 0 0 0 0 2 3 0 1 0 0 6 0 9 4 2 0 0 0 7 0 0 2 0 0 0 0 0 90 0 0 2 0 0 0 0 6 3 0 0 5 3 1 0 0 0 0 5 0 0 0 0 0 0 9 1 1 0 2 5 0 7 0 0 0 0 0 6 0 8 0 0 0 0 3 0 0 2 0 0 0 0 0 4 0 4 8 0 0 0 3 0 6 0 3 0 4 0 8 0 0 2 3 1 0 1 0 5 0 0 3 7 0 0 1 1 1 3 3 0 2 3 0 0 0 0 0 5 0 0 5 9 9 0 0 9 5 4 0 0 8 3 0 6 0 0 0 6 0 0 0 0 5 0 0 7 0 0 3 0 2 0 0 0 0 0 0 4 1 0 0 0 0 0 2 0 0 1 0 0 0 4 3 2 4 0 0 0 0 0 3 8 0 0 4 0 1 1 0 0 0 5 1 4 0 3 0 3 6 0 0 0 8 0 0 0 7 0 9 2 0 5 09 3 9 0 0 0 0 5 3 0 0 0 9 2 0 0 2 0 0 0 0 5 9 4 0 4 0 0 3 4 0 5 4 0 0 0 6 0 0 1 6 2 0 3 0 1 7 1 0 0 9 0 0 3 7 0 6 0 8 0 0 0 0 0 6 1 9 2 3 6 1 0 0 0 0 0 0 0 0 0 9 2 3 1 9 0 6 0 9 3 0 0 0 9 0 7 0 3 0 1 0 2 0 8 0 4 3 0 0 5 0 8 0 0 4 0 0 0 2 9 0 0 0 6 9 4 0 8 0 0 3 0 0 3 0 0 0 7 9 1 0 0 5 7 0 0 0 0 9 0 1 0 6 4 1 0 0 3 1 0 0 0 8 9 1 0 0 0 3 0 9 6 2 0 0 0 2 0 0 0 0 0 4 2 0 7 0 5 5 0 3 0 0 1 7 0 9 3 7 0 0 0 9 1 0 0 0 0 0 0 0 3 0 1 1 00 0 0 0 0 0 0 9 0 0 3 0 0 0 2 0 0 0 0 0 8 3 2 0 1 1 0 9 0 3 1 0 0 1 7 0 4 0 5 1 0 3 0 0 0 9 7 8 33 0 0 9 0 4 00 0 0 0 3 1 8 6 0 0 3 0 0 0 4 0 1 6 9 0 0 0 5 0 0 2 4 3 2 0 0 3 3 5 00 6 5 1 0 0 4 0 0 0 1 1 0 0 5 6 5 6 0 0 0 0 9 0 33 6 3 0 3 0 2 3 3 0 1 3 7 9 0 2 6 6 3 0 0 4 0 0 0 0 1 0 0 9 8 6 9 00 8 1 1 0 3 3 0 9 0 9 0 0 0 32 4 0 0 6 0 0 66 0 4 4 8 0 0 0 6 9 7 0 5 2 0 1 2 0 2 0 1 0 0 6 0 0 1 3 00 0 5 00 0 3 4 0 4 1 0 1 8 1 0 1 4 0 0 5 0 1 1 0 78 3 0 1 0 1 0 3 1 0 0 0 7 0 7 2 09 8 0 0 0 0 4 3 0 11 0 03 0 1 0 0 0 0 2 4 0 0 1 0 8 6 3 9 0 0 8 0 0 60 0 0 6 7 4 0 0 0 1 0 0 0 3 00 0 0 3 1 3 0 1 0 0 0 5 1 0 44 9 4 0 2 0 0 0 2 1 2 0 0 0 2 2 1 0 0 0 1 0 0 43 0 0 0 1 0 4 0 0 0 0 0 0 1 03 0 0 2 5 4 0 0 0 0 45 0 0 0 0 1 0 0 0 6 0 3 0 7 0 0 7 6 1 0 6 8 0 0 3 0 0 9 1 0 0 0 0 1 0 3 7 0 0 0 0 0 7 0 2 3 3 0 0 0 0 0 5 0 8 0 0 0 0 7 0 0 3 3 1 0 4 0 4 6 2 5 2 7 6 0 1 0 0 0 0 9 0 0 6 0 0 6 0 6 0 0 2 2 0 9 0 7 7 0 3 1 0 0 0 0 0 6 0 0 4 1 0 8 0 0 0 6 0 6 5 0 0 0 3 3 0 0 0 0 8 4 0 0 0 0 3 3 0 0 1 0 2 4 9 2 0 3 0 0 6 1 0 9 6 8 0 0 2 1 0 2 0 8 0 1 1 9 1 0 9 0 2 0 0 0 0 0 1 0 1 0 1 6 0 0 0 0 3 2 1 0 0 0 3 0 1 0 0 0 0 5 3 0 0 4 0 1 7 1 6 4 5 1 6 0 0 0 0 3 2 0 0 4 1 0 5 2 5 0 0 4 1 6 2 7 1 5 0 0 0 0 2 0 3 6 0 2 0 0 2 8 0 0 0 7 0 5 0 8 8 0 9 0 0 0 0 0 0 0 9 1 0 0 5 1 4 23 0 0 2 7 0 0 0 8 00 1 0 3 0 0 0 2 7 0 5 0 2 4 0 0 0 0 8 1 0 7 0 9 0 0 0 0 3 2 1 2 0 9 4 0 3 2 5 00 0 0 0 5 0 6 0 2 0 1 0 1 9 3 8 0 0 0 9 0 7 0 0 0 0 0 0 0 0 0 0 0 0 7 3 0 0 0 0 0 6 5 4 7 0 00 0 4 0 3 2 3 6 0 0 3 6 0 6 0 0 8 4 0 0 0 0 0 0 7 0 0 0 0 0 2 1 3 1 7 0 0 0 2 0 0 7 0 0 0 0 1 7 1 3 0 5 77 0 0 2 1 2 0 0 1 0 0 0 8 1 0 0 0 0 8 2 9 1 1 6 2 0 3 0 5 1 1 0 0 1 2 0 9 0 2 55 7 4 0 8 0 95 1 0 1 0 6 3 0 0 9 0 0 0 3 1 00 2 3 9 0 5 0 8 0 0 9 5 5 0 0 4 0 0 0 5 2 0 65 3 0 0 7 0 0 0 7 0 0 0 0 0 0 7 7 2 0 00 5 0 7 0 0 9 0 1 0 4 0 6 3 0 0 0 4 0 0 8 0 0 3 0 0 4 5 0 1 0 4 2 0 0 0 1 0 2 2 7 2 0 0 0 0 2 0 1 0 1 0 01 0 3 1 0 0 0 6 0 0 9 3 7 0 0 2 0 0 3 0 0 8 0 3 5 2 0 1 6 0 4 2 0 4 0 5 0 0 9 0 9 12 8 5 0 0 0 1 1 0 0 5 0 0 0 8 5 0 0 1 0 0 0 1 5 0 0 0 3 9 0 0 1 3 3 1 0 0 0 26 1 5 0 4 1 2 5 0 1 0 4 1 0 1 1 6 0 7 4 1 9 1 3 7 1 2 5 0 0 0 0 0 0 0 7 0 3 0 3 0 9 0 7 0 7 7 0 4 0 3 7 7 3 0 0 5 4 3 0 2 3 6 9 0 0 2 0 0 2 0 0 0 3 4 9 0 0 0 0 0 6 2 0 0 5 2 4 0 0 4 0 1 0 0 4 0 0 1 9 3 9 0 1 0 0 0 1 3 0 0 0 1 1 1 3 0 0 6 9 0 0 0 5 7 0 0 5 1 6 0 8 0 0 3 0 0 4 4 8 1 0 0 0 0 6 1 1 0 6 0 8 2 0 1 4 0 3 9 4 9 6 6 5 2 2 4 0 0 3 9 0 5 7 0 8 0 7 0 0 00 0 1 0 2 0 0 9 0 0 8 8 2 0 1 0 3 1 3 0 6 00 0 0 0 0 0 0 0 9 0 3 9 3 0 1 2 33 1 9 0 1 1 0 7 0 1 0 3 0 0 0 0 7 4 0 5 88 0 3 6 6 0 0 6 1 3 0 0 0 0 0 0 0 0 0 0 8 0 45 0 9 4 5 0 3 6 6 0 1 0 0 0 0 0 0 0 0 0 0 0 0 0 0 1 1 0 0 3 8 0 0 0 1 6 4 0 0 0 7 8 6 0 0 1 1 3 0 0 0 6 0 0 0 9 6 0 0 0 0 4 6 3 9 1 1 8 0 3 0 0 4 7 0 9 4 1 0 6 1 2 1 0 0 9 1 2 6 2 3 6 6 0 0 0 8 0 0 3 1 7 0 1 6 2 4 7 0 0 0 6 1 0 9 8 0 9 0 0 6 0 9 0 2 0 0 4 4 7 0 3 0 0 0 9 0 0 8 0 0 0 9 6 1 0 1 9 0 08 9 0 4 0 0 8 1 8 0 0 6 1 0 0 0 08 4 0 1 0 0 1 0 2 0 0 2 6 0 0 0 3 0 4 8 8 0 0 0 1 1 7 0 1 3 8 8 0 0 0 3 5 1 0 0 9 0 66 0 0 6 7 9 5 0 0 8 0 0 9 0 00 45 1 0 0 2 0 0 4 5 0 0 0 0 90 0 0 0 6 0 5 2 7 2 8 2 0 0 2 5 0 2 50 0 0 0 3 0 2 6 0 1 4 5 0 0 5 4 1 0 0 09 1 4 5 1 8 0 9 0 1 1 0 5 0 7 0 0 06 6 9 0 6 0 1 8 0 0 0 2 0 5 5 0 6 9 9 7 0 7 0 5 5 5 6 0 1 0 0 2 9 0 1 1 0 2 0 0 8 0 7 2 7 0 7 0 0 4 0 5 6 0 5 0 0 1 0 0 9 0 00 0 0 5 0 0 7 01 8 0 02 9 0 8 1 5 2 06 0 5 0 8 0 0 8 2 18 8 0 0 0 8 0 0 8 3 7 3 1 0 8 0 1 5 3 5 7 0 0 0 0 0 0 4 3 1 0 9 0 0 5 0 8 0 0 0 0 0 0 0 0 9 0 0 0 8 1 1 5 9 0 0 0 5 9 1 0 9 9 0 3 9 5 0 0 0 0 0 7 0 0 0 9 7 0 1 0 4 0 0 5 4 0 0 0 6 9 8 5 9 3 0 0 0 5 0 0 2 5 6 1 7 0 3 0 0 9 0 9 0 2 0 8 0 0 0 5 0 0 9 8 2 5 0 0 0 0 0 0 0 1 0 0 0 0 8 0 0 0 9 0 8 1 0 1 0 1 9 0 0 0 0 9 0 0 9 7 1 7 0 0 0 0 0 3 5 0 6 7 3 0 5 0 00 7 1 0 3 5 1 2 0 99 9 9 0 0 1 6 0 7 9 7 00 1 0 1 0 0 0 9 0 22 0 5 9 0 0 0 87 0 0 3 0 4 5 7 0 0 0 2 3 0 3 8 4 0 1 0 5 02 7 7 0 0 1 0 0 0 0 0 0 5 0 1 4 6 0 0 5 0 0 0 0 0 0 0 9 0 5 5 3 9 0 4 5 0 6 0 5 0 0 0 9 5 5 4 0 9 5 6 2 0 0 6 0 0 0 0 0 6 0 3 7 0 1 3 5 00 0 7 0 0 2 5 1 0 0 0 5 5 9 3 00 0 7 0 0 5 6 6 7 0 0 0 6 55 0 55 4 5 6 5 0 0 5 0 0 55 0 55 3 0 5 4 9 8 0 3 0 4 0 2 0 1 1 4 9 8 0 5 0 7 0 0 2 0 0 4 0 5 5 0 2 1 0 7 1 5 3 0 6 7 4 0 0 9 5 0 0 6 6 0 5 0 1 50 0 9 60 2 75 1 6 6 6 00 0 0 0 0 0 9 0 0 9 0 0 0 2 0 0 0 7 3 0 0 1 0 0 2 0 0 8 4 2 0 0 3 0 1 0 0 0 2 0 0 0 0 5 0 0 0 7 0 0 9 0 0 2 0 0 0 0 0 0 5 0 2 0 8 0 0 0 0 5 3 4 3 0 0 0 6 1 0 0 0 3 0 0 6 0 0 0 9 0 9 0 7 0 0 0 9 0 9 0 0 0 0 0 0 4 0 9 2 2 0 2 0 0 0 0 3 0 00 0 0 1 0 0 0 0 0 4 2 3 0 7 0 0 7 0 00 3 5 0 0 0 0 0 0 0 9 1 0 2 1 6 3 0 22 7 2 3 2 0 1 0 0 0 0 0 3 2 2 33 2 3 6 3 1 0 0 0 3 0 0 2 2 432 6 5 0 1 2 7 0 3 0 0 0 2 3 2 01 0 7 0 0 0 30 0 0 3 0 0 3 0 0 3 60 0 0 3 0 0 9 1 0 6 0 2 0 9 6 3 0 4 4 0 5 0 8 2 0 9 0 6 2 2 0 3 7 8 0 0 8 8 0 0 0 6 9 2 0 0 8 0 0 0 3 3 0 1 00 0 0 2 6 0 0 0 9 09 3 0 9 4 0 0 0 1 0 6 20 2 0 4 0 3 1 0 0 0 81 7 8 0 0 8 0 6 0 2 0 0 0 4 0 9 0 6 0 0 0 2 0 0 9 0 2 1 0 9 0 0 0 1 2 2 0 2 5 0 9 0 8 3 0 2 0 00 7 9 9 3 8 0 6 0 6 2 9 2 0 20 0 3 8 9 1 0 2 0 1 2 9 9 0 82 0 7 0 0 7 9 0 2 3 38 3 0 0 0 0 7 3 3 2 6 0 0 0 0 0 0 3 2 0 9 9 0 0 2 2 0 0 0 0 0 0 0 9 0 6 0 0 0 7 8 3 3 3 0 3 7 9 1 3 0 0 0 0 5 0 0 0 0 9 3 0 0 0 1 3 0 0 0 3 0 9 1 8 5 8 0 1 1 0 0 1 0 3 6 0 0 0 1 9 0 0 2 0 0 3 6 0 0 0 0 2 2 7 0 2 0 6 0 3 0 7 9 0 4 9 0 0 0 0 3 6 0 0 0 0 0 0 0 2 0 3 0 0 0 0 3 0 0 9 0 3 7 4 0 4 0 0 5 0 0 0 2 3 0 3 1 2 0 0 3 2 8 3 0 7 0 1 2 5 2 0 2 0 0 7 5 3 9 3 3 0 0 7 0 0 0 0 7 3 5 7 2 5 1 0 0 0 0 0 0 0 0 0 3 3 5 06 4 0 0 2 3 3 0 0 0 9 5 2 1 0 0 4 7 3 2 2 0 3 2 0 7 4 3 0 5 1 1 0 1 0 00 3 1 6 0 1 8 0 5 3 4 7 0 0 0 00 1 5 9 0 2 0 5 2 3 0 0 33 83 0 3 2 5 54 3 3 0 1 0 4 0 3 2 1 09 0 6 4 0 3 0 3 9 0 0 3 7 0 3 0 0 2 6 2 0 2 6 3 5 0 7 0 4 2 0 4 9 0 3 0 0 0 8 0 0 2 0 0 0 3 0 6 3 0 6 1 2 0 4 0 6 1 6 0 6 0 0 1 0 0 0 8 0 0 4 9 0 0 8 0 0 0 5 0 2 0 0 0 0 3 5 4 8 4 0 2 0 0 0 0 3 0 0 4 8 2 0 2 0 0 0 4 4 0 6 3 0 0 0 0 5 2 3 0 0 0 4 0 3 2 0 0 0 0 0 0 6 3 0 3 0 9 0 3 0 0 4 5 0 0 6 0 0 2 0 2 0 4 6 0 0 0 2 2 6 9 2 5 0 1 6 0 0 5 1 9 9 0 4 1 2 0 0 0 0 6 8 9 0 9 9 1 5 2 0 8 0 7 0 4 03 0 9 0 2 4 0 1 0 0 3 6 2 1 0 0 0 0 0 9 5 0 4 6 1 0 0 2 3 6 5 0 0 0 0 5 1 1 2 2 0 1 0 1 0 0 0 0 2 3 2 4 3 0 0 6 0 7 0 0 0 0 3 0 2 9 2 0 0 0 0 0 0 0 0 0 9 1 0 0 5 0 3 8 0 0 9 0 0 2 9 0 0 0 3 0 0 0 0 0 8 1 3 2 0 0 0 0 5 0 3 3 3 0 0 2 0 0 0 0 2 0 0 9 1 6 0 1 3 2 9 2 3 0 3 2 2 5 9 2 0 0 1 2 0 5 0 0 0 3 6 4 4 0 6 5 0 8 0 0 3 0 0 4 2 0 1 0 3 5 2 0 7 0 0 2 0 5 0 5 0 0 0 0 8 0 2 0 0 0 5 0 0 3 0 0 2 4 8 6 0 0 2 0 0 2 0 0 0 0 0 0 5 0 2 3 0 0 5 0 2 6 0 5 0 0 0 1 0 0 0 0 0 2 5 0 1 5 0 4 4 1 0 3 0 2 0 1 2 2 0 1 5 1 0 2 0 5 7 7 0 2 0 0 1 0 5 7 1 2 6 1 0 1 3 0 1 4 00 5 9 0 0 2 0 4 0 2 9 02 0 0 0 0 1 2 2 0 0 2 9 1 0 0 3 0 4 2 0 0 0 3 0 8 8 4 0 0 9 6 0 2 2 2 0 1 0 0 0 1 2 0 0 0 0 0 0 4 4 0 6 0 0 0 0 8 0 0 0 1 2 0 0 3 8 0 0 2 0 2 1 8 4 0 0 2 6 2 0 0 1 2 2 0 2 0 3 0 0 1 0 0 6 4 0 2 4 4 9 5 0 0 2 2 0 0 5 3 21 00 0 0 2 2 4 0 0 0 4 6 0 00 0 0 9 2 0 0 0 8 0 0 0 0 2 0 22 2 0 2 8 2 0 9 8 2 0 0 9 22 0 3 0 2 3 2 0 4 3 0 2 0 3 76 0 4 0 3 0 9 3 0 1 3 2 3 0 0 5 2 0 5 2 7 9 2 3 2 2 0 3 4 2 0 0 8 0 3 0 1 0 9 3 0 0 0 0 8 7 0 0 7 0 8 0 0 5 0 2 4 0 0 1 0 00 0 1 9 0 0 00 4 0 0 9 9 60 0 1 1 0 0 0 0 0 0 9 4 5 0 1 1 0 4 0 0 8 0 3 2 1 0 6 0 0 9 0 7 0 0 2 3 0 3 5 9 4 9
630500 631000 631500 632000
ISSN1130-9229 Depósito legal C.494-1998 https://www.xunta.gal/diario-oficial-galicia
0051274 0001274 0050274 0000274 0059174 0009174 0051274 0001274 0050274 0000274 0059174 0009174 CONSELLERIA DO MEDIO RURAL Xefatura Territorial de Lugo Servizo de Montes Plano: Monte: MVMC Pico do Moroto. Proposta de ampliación do monte veciñal en man común Pertenza: CMVMC de Canedo. Pico do Moroto (exp. 53/75). Concello: Pobra de Brollón. Sup. previa: 97,68 ha. Lugo, 11 marzo 2026. Carpeta: 2023_29 Ampliación Sup. posterior: 98,26 ha. Escala 1: 7.500 P ZO LA N N A O D 2 E : A M M O P N L T IA E C P IÓ RE N VIO E V X i e s f t a o d e o p S ra e c r e vizo de Montes O Técnico redactor 53/75 Pico do Moroto_previo 53/75 Pico do Moroto_Zona de Ampliación Beatriz Omil Ignacio. Rafael Altamirano Cabeza ZIRTAEB ,OICAN oz G iv I r L e I S M o O d :: rr a oo fe pp X oo dd ::oo aa gg nn rr ii aa ss CC AA LEAF ) A R R O , F A Y Z A E S B ( A R C O O T N C A A R D I E M R A O TL C A IN ::rr C oo É pp T oo dd ::oo aa gg nn rr ii aa ss CC AA nóic.idongoidcó ac entesñeedt soétnveamrt uac soedl beatsceifidr elev pnaápr ense e s aaiippoocc seAd 71:30:12 6202/40/60 ::aarroohh ee aattaaDD 05:60:80 6202/40/60 ::aarroohh ee aattaaDD evc/lag.atnux.edes//:sptth 0UWKgSvuxSAU ::EEVVCC
ANEXO
Plano de ampliación do MVMC Pico do Moroto
74vw0h40jr4t-6opm-1ny9-1jd9-1zpuwojy :GOD-EVC