AÑO XLV Núm. 190 2 de octubre de 2026 33764
III.- OTRAS DISPOSICIONES Y ACTOS
Consejería de Desarrollo Sostenible
Corrección de errores de la Resolución de 18/05/2026, de la Delegación Provincial de Desarrollo Sostenible
de Cuenca, por la que se formula la declaración de impacto ambiental del proyecto: Modificación de
características de la concesión de aguas del río Tajo, con destino a riesgos (expediente PRO-CU-24-1388),
situado en el término municipal de Barajas de Melo (Cuenca), cuya promotora es Comunidad de Regantes
Fermín Caballero. [2026/6986]
Con fecha 26 de mayo de 2026 se publica la Resolución de 18/05/2026, de la Delegación Provincial de Desarrollo
Sostenible de Cuenca, por la que se formula la declaración de impacto ambiental del proyecto: Modificación de
características de la concesión de aguas del río Tajo, con destino a riesgos (expediente PRO-CU-24-1388), situado
en el término municipal de Barajas de Melo (Cuenca), cuya promotora es Comunidad de Regantes Fermín Caballero.
Advertidos errores relativos a la relación de parcelas incluidas en el proyecto, se procede mediante la presente a la
corrección de la misma, tal y como se indica a continuación.
Donde dice:
- Página 20869:
Modificación de características de la concesión de aguas del río Tajo, con destino a riesgos…
El proyecto denominado “Modificación de características de la concesión de aguas del río Tajo, con destino a
riesgos”…
El promotor del proyecto “Modificación de características de la concesión de aguas del río Tajo, con destino a
riesgos”…
- Página 20871:
El 31 de marzo de 2025 se recibe en el entonces Servicio de Calidad Ambiental de la Delegación Provincial
de Desarrollo Sostenible de Cuenca, documentación remitida por el promotor, sobre el proyecto denominado
“Modificación de características de la concesión de aguas del río Tajo, con destino a riesgos” …
- Páginas 20883 a 20885:
Anexo I Relación de parcelas de transformación en regadío
Provincia Municipio Polígono Parcela Área (m²)
16 27 9 1 158267,3
16 27 9 2 85108,48
16 27 9 6 228480,4
16 27 9 9001 1,14
16 27 9 19 1410206
16 27 9 31 164562,3
16 27 9 32 34230,09
16 27 9 33 348220,3
16 27 9 34 0,41
16 27 9 35 283425,7

AÑO XLV Núm. 190 2 de octubre de 2026 33765
16 27 9 37 0,04
16 27 9 38 0,29
16 27 9 39 141136,1
16 27 9 40 188133,4
16 27 9 9007 2,64
16 27 9 9008 1,36
16 27 9 9009 0,31
16 27 9 60001 0,24
16 27 11 9000 0,07
16 27 14 1 0,59
16 27 14 2 397186,4
16 27 14 3 83531,36
16 27 14 4 24497,16
16 27 14 5 0,01
16 27 14 12 0,02
16 27 14 15 0,58
16 27 14 34 89042,07
16 27 14 35 530772
16 27 14 36 74008,46
16 27 14 37 141760,6
16 27 14 9001 1,65
16 27 14 9002 1,84
16 27 14 9003 0,52
16 27 14 9004 0,24
16 27 14 9007 0,18
16 27 14 9013 0,16
16 27 14 9016 1,12
16 27 14 9019 0,49
16 27 506 29 0,16
16 27 507 16 7320,5
16 27 507 40 145083,4
16 27 507 41 0,14
16 27 507 1009 26926,76
16 27 507 1012 131381,6
16 27 507 9003 0,99
16 27 507 9005 0,47
16 27 508 18 42518,45
16 27 508 19 0
16 27 508 21 161222,6
16 27 508 22 93289,53
16 27 508 23 141678,1

AÑO XLV Núm. 190 2 de octubre de 2026 33766
16 27 508 24 134416,9
16 27 508 25 10671,16
16 27 508 26 174207,9
16 27 508 27 32381,16
16 27 508 28 102763,9
16 27 508 29 225385,6
16 27 508 30 120138,6
16 27 508 31 27075,96
16 27 508 1003 33835,54
16 27 508 1004 24257,89
16 27 508 1007 80903,17
16 27 508 5001 0,44
16 27 508 5005 0,46
16 27 508 5006 143084,1
16 27 508 5007 0,85
16 27 508 5009 184273,4
16 27 508 5010 318170,8
16 27 508 5011 153731,8
16 27 508 5020 114289,3
16 27 508 5021 53163,39
16 27 508 5022 129380,6
16 27 508 5024 114789,3
16 27 508 5025 25008,3
16 27 508 5035 188499,7
16 27 508 5036 3048,46
16 27 508 5043 8203,32
16 27 508 5044 35347,63
16 27 508 5045 18053,84
16 27 508 5046 23711,42
16 27 508 5047 12420,84
16 27 508 5049 31769,4
16 27 508 5050 36717,91
16 27 508 5051 0,12
16 27 508 5052 28935,35
16 27 508 5053 0,01
16 27 508 5054 24936,56
16 27 508 5069 0,01
16 27 508 5074 0,14
16 27 508 5075 0,36
16 27 508 5076 3856,28
16 27 508 5077 827,04

AÑO XLV Núm. 190 2 de octubre de 2026 33767
16 27 508 5078 635,09
16 27 508 5081 9435,27
16 27 508 5082 81513,11
16 27 508 5084 231310,6
16 27 508 5085 5062,57
16 27 508 5088 221348,3
16 27 508 5090 0,45
16 27 508 5100 0,08
16 27 508 5103 0,39
16 27 508 5112 1123336
16 27 508 5113 238379,4
16 27 508 5115 15348,97
16 27 508 5122 0,7
16 27 508 5123 5289,62
16 27 508 5124 0,03
16 27 508 5128 3877,64
16 27 508 5129 826,55
16 27 508 5140 0,07
16 27 508 5141 0,39
16 27 508 5143 334679,5
16 27 508 5145 0,03
16 27 508 9001 5,27
16 27 508 9002 3,04
16 27 508 9005 1,1
16 27 508 9007 0,29
16 27 508 9010 1,15
16 27 508 9011 0,57
16 27 508 9012 0,15
16 27 508 9013 0,22
16 27 508 9014 2,08
16 27 508 9015 0,32
16 27 508 9016 0,4
16 27 508 9018 1,87
16 27 508 9026 0,77
16 27 508 9027 1,44
16 27 508 9028 0,35
16 27 508 9029 0,8
16 27 508 9030 0,13
16 27 508 9034 6,98
16 27 508 9035 0,01
16 27 508 9036 0,62

AÑO XLV Núm. 190 2 de octubre de 2026 33768
Debe decir:
- Página 20869:
Modificación de características de la concesión de aguas del río Tajo, con destino a riegos…
El proyecto denominado “Modificación de características de la concesión de aguas del río Tajo, con destino a
riegos”…
El promotor del proyecto “Modificación de características de la concesión de aguas del río Tajo, con destino a
riegos”…
- Página 20871:
El 31 de marzo de 2025 se recibe en el entonces Servicio de Calidad Ambiental de la Delegación Provincial
de Desarrollo Sostenible de Cuenca, documentación remitida por el promotor, sobre el proyecto denominado
“Modificación de características de la concesión de aguas del río Tajo, con destino a riegos” …
- Página 20883 en adelante:
Anexo I Relación de parcelas de transformación en regadío
Polígono Parcela Superficie (ha) Superficie derecho riego (ha)
9 1 14,1115 9,2576
9 2 209,5938 8,5109
9 6 23,6776 22,8481
9 9 18,0969 6,5691
10 19 203,3728 141,0208
10 31 16,7108 16,4564
10 32 3,6335 3,4230
10 33 37,1149 34,8221
10 35 33,4075 28,3427
10 39 14,5484 14,1137
10 40 17,2638 17,2628
10 41 6,8963 1,5506
14 2 67,5410 39,7188
14 3 136,5532 8,3531
14 4 2,9116 2,4497
14 34 11,1102 8,9043
14 35 102,1608 53,0773
14 36 56,9817 7,4009
14 37 76,0926 14,1761
507 16 1,7185 0,7321
507 40 16,8868 14,5085
507 1009 2,6927 2,6927
507 1012 13,9141 13,1383
508 18 5,8897 4,2516
508 21 16,1934 16,1224
508 22 2,3324 2,3324
508 23 14,1679 14,1679
508 24 14,0137 13,4418
508 25 4,0374 1,0671
508 26 20,9085 17,4209

AÑO XLV Núm. 190 2 de octubre de 2026 33769
508 27 3,3908 3,2382
508 28 10,2765 10,2765
508 29 23,2254 22,5386
508 30 12,1496 12,0138
508 31 3,0076 2,7077
508 1003 3,3837 3,3837
508 1004 3,1668 2,4259
508 1007 8,2160 8,0903
508 1009 2,3322 2,3322
508 1010 2,3322 2,3322
508 1011 2,3322 2,3322
508 5006 15,6048 14,3085
508 5009 215,1972 18,4274
508 5010 38,2636 31,8171
508 5011 19,0330 15,3733
508 5020 14,5109 11,4290
508 5021 11,3793 5,3163
508 5022 18,2477 12,9382
508 5024 14,1342 11,4790
508 5025 10,9226 2,5008
508 5035 18,9376 18,8502
508 5036 0,3048 0,3048
508 5043 0,8204 0,8204
508 5044 3,7806 3,5347
508 5045 2,0366 1,8054
508 5046 2,3711 2,3711
508 5047 1,2547 1,2421
508 5049 3,1770 3,2067
508 5050 3,6718 3,6718
508 5052 2,8935 2,8936
508 5054 2,4937 2,4937
508 5076 0,4256 0,3855
508 5077 0,8270 0,0827
508 5078 0,0635 0,0635
508 5081 1,1739 0,9436
508 5082 8,6982 8,1515
508 5084 23,1673 23,1311
508 5085 0,5502 0,5063
508 5088 22,1841 22,1350
508 5112 261,0982 112,3337
508 5113 32,7871 23,8380
508 5115 18,9376 1,5350
508 5128 0,4256 0,3878
508 5129 0,0826 0,0826
508 5143 44,8162 33,4680
508 50123 0,5290 0,5290